5	6	101992.485525	101996.446758
1	0	4	1	101997.839663	101998.326919
6	3	102001.959505	102002.451787
1	0	9	10	102009.698758	102011.094370
1	0	6	5	102016.220512	102016.617436
1	0	2	1	102021.274185	102024.947765
1	0	2	10	102026.544744	102030.444408
1	0	9	8	102032.700385	102036.447823
1	0	6	4	102039.104559	102042.946600
2	8	102043.457501	102047.446964
2	3	102047.944386	102051.947563
4	9	102052.447680	102056.446408
1	0	2	2	102058.235661	102061.946492
1	0	2	9	102064.173176	102067.943630
1	0	6	6	102069.110524	102072.944330
1	0	7	2	102077.783736	102081.445528
1	0	9	9	102084.755935	102088.445355
1	0	4	5	102091.110657	102094.947442
1	0	9	7	102096.147552	102099.946040
1	0	3	5	102101.085659	102104.948583
5	9	102105.455567	102109.443792
4	6	102109.958108	102113.944364
1	0	8	8	102115.112083	102118.948849
1	0	4	7	102120.582772	102124.448885
1	0	8	5	102126.087145	102129.942989
1	0	9	5	102138.229701	102141.943182
5	10	102142.449846	102146.448841
1	0	6	2	102149.621835	102153.448076
1	0	8	7	102155.143049	102158.946686
2	5	102159.446370	102163.445395
1	0	5	4	102165.134368	102168.944148
1	0	3	1	102170.371718	102173.947949
1	0	7	10	102176.308505	102179.945732
1	0	6	7	102181.162099	102184.947933
1	0	8	10	102189.235100	102192.945442
1	0	7	7	102195.740134	102199.445015
1	0	2	4	102204.613245	102208.446597
1	0	5	8	102211.818832	102215.447159
1	0	8	9	102219.741571	102223.445487
4	2	102223.945157	102227.945325
8	3	102228.448177	102232.447710
1	0	8	1	102242.775611	102246.444791
1	0	3	2	102247.796105	102251.442940
1	0	2	7	102253.016879	102256.948276
1	0	3	6	102258.070730	102261.947761
1	0	2	6	102263.658278	102267.448215
1	0	8	2	102268.679047	102272.444805
2	1	102272.948712	102276.949232
1	0	8	6	102278.669801	102282.444488
1	0	3	8	102284.840884	102288.443126
1	0	8	4	102295.215586	102298.945473
1	0	3	7	102300.669634	102304.448762
6	9	102304.956207	102308.946579
1	0	3	10	102311.628909	102315.446628
1	0	